   2.0000000e+00  -1.5272324e+00  -5.6349562e-01   1.3091260e+00   8.7601747e-01  -2.0876444e-01   1.5349854e+00   1.9005220e-01  -1.4584639e-01   1.9350686e+00  -9.5492438e-01
   2.0000000e+00  -9.5933935e-01   2.0425617e+00   6.0336217e-01   1.5804813e+00   9.6691777e-01   3.5662888e-01  -1.0967822e+00  -2.6531230e-01  -3.7664921e-01  -8.6427829e-01
   2.0000000e+00   3.7300540e-01   9.7917893e-01  -7.3898103e-01   1.5372063e-02   1.1561096e-01   1.3813474e+00   8.0291480e-01   1.2813340e+00  -5.2321192e-02   9.2630019e-01
   2.0000000e+00   1.7636555e+00  -1.0575812e+00  -5.0342304e-01   8.7421178e-01   7.4861907e-01  -1.8122657e+00  -2.4427995e+00  -1.5395980e+00  -1.3153481e+00   2.4968196e-01
   2.0000000e+00  -8.5375431e-02  -5.7490422e-01   1.2315879e+00   8.9988361e-01   1.0226379e+00  -3.4199364e-01  -7.6944267e-01  -1.8311348e+00  -1.6279946e+00   1.5002620e-01
   2.0000000e+00   1.2933329e-01   3.9390885e-01  -4.4537131e-01  -6.1831047e-01  -1.1330328e+00  -1.6183292e+00   3.8667201e-01  -9.0097791e-01   1.3951476e+00   1.0599294e+00
   1.0000000e+00  -4.8471550e-01  -5.3314188e-02   2.6774893e-01  -3.2512033e-01   3.8565740e-01   1.8067998e-02   1.5355457e+00   5.6988622e-01  -4.2825533e-01  -9.4373530e-02
   2.0000000e+00   2.7541404e-01  -1.3742077e+00   1.6136003e+00  -1.1733148e+00  -1.5108484e-01   5.3434292e-01   2.1568146e+00   1.9066984e+00  -5.3994101e-01   1.5709333e+00
   1.0000000e+00  -6.2914390e-01  -1.0852705e+00  -1.2443550e+00   9.4692002e-01   3.8874883e-01   5.5000854e-01  -9.7766234e-01  -4.0312123e-01   5.9892568e-01   1.4902688e-01
   2.0000000e+00  -4.9476925e-01  -6.1189433e-01   4.8462417e-01   2.1316738e+00  -1.1501294e+00   9.6362402e-01  -3.5383296e-01  -1.3680019e+00  -4.7985931e-01  -7.5370107e-01
   2.0000000e+00   3.8509113e-01  -4.5758487e-01  -9.8773988e-01  -8.6363603e-02  -3.6195004e-01  -8.5056353e-01  -9.6740107e-04   1.1885021e-01   2.5312030e-01  -1.5511182e-01
   2.0000000e+00   6.8170345e-01  -1.1895260e+00   3.0930024e-01  -1.3494882e+00   1.0817623e+00   1.5698732e+00  -1.3041407e-01  -7.0267859e-01   1.5927365e+00  -8.3792362e-01
   2.0000000e+00  -7.4409889e-01  -1.4254518e+00   4.8874280e-01  -6.4805250e-01   2.7415085e-01   1.4216294e+00   1.5465249e-01  -1.2154860e+00  -1.8515392e+00  -9.3689409e-01
   2.0000000e+00   1.3480131e+00  -3.5663665e-01  -6.0626130e-01   8.7585699e-01   1.3771433e-01  -5.2473840e-01   5.3282241e-01   3.9034757e-01  -4.0409243e-01   1.7104961e+00
   2.0000000e+00   5.0568158e-01  -1.4283411e+00  -4.4986727e-01   4.6235286e-01  -2.0112834e+00  -5.3136971e-01  -4.8418298e-01  -4.6600966e-01  -4.6804690e-01  -3.6305484e-01
   2.0000000e+00   7.1208592e-01  -4.5808572e-01  -3.9280359e-01  -4.3385155e-01  -4.9498475e-01  -6.3645497e-01   2.8100028e-01  -4.3989931e-01  -5.1237046e-02   1.8989684e+00
   2.0000000e+00   1.8824089e-01   7.9734577e-01   1.3915761e-01  -1.2029351e-01   2.4298050e-01   1.2705429e+00  -2.1185359e-01  -2.3713849e+00   1.3021455e+00   2.2536628e-01
   2.0000000e+00   6.8212929e-01   2.7517285e-01  -1.1738763e+00   7.4772352e-01  -3.7506181e-01  -1.1551577e+00  -4.0583686e-01   1.1587917e+00  -4.6662357e-01  -1.7662577e+00
   2.0000000e+00   3.3070337e-01  -1.2998104e-01   1.0422017e+00  -7.7367706e-01   6.1357573e-01  -8.0141052e-01  -8.0779606e-01  -1.6785155e+00  -7.7367607e-02   2.3740440e+00
   2.0000000e+00   9.4911120e-01   4.7556434e-01  -1.9531133e+00   1.3780249e+00   2.4410571e-01   2.6107184e-01   3.3815932e-01   3.3815067e-01  -2.5101721e-01   1.7589545e+00
   2.0000000e+00  -1.2336729e-01  -5.0475209e-02  -6.5664753e-01  -1.2931014e+00  -3.4083849e-01  -6.5149850e-01  -6.9791978e-01   1.0147639e+00   7.9759887e-01  -8.8404337e-01
   2.0000000e+00  -1.1700174e+00  -1.6950954e+00   2.1370877e+00   5.4114118e-01  -2.7461809e-01  -6.4434758e-01  -1.4804494e+00   3.4343833e-01   1.3013641e-01   2.2600622e+00
   2.0000000e+00  -2.8188404e-01  -8.4327886e-01   5.6057465e-01   6.8091521e-01   1.6132676e+00  -7.2197121e-01  -1.6266575e-01   1.5502363e+00   1.2674042e+00   1.0851649e+00
   2.0000000e+00  -5.1755846e-01  -1.9375329e+00   2.9621594e-01   1.0410113e-01  -8.3300005e-02   4.5182375e-01   1.4956343e+00  -2.7127463e-01  -7.0947839e-01   1.2974194e+00
   2.0000000e+00   5.6753567e-01   9.2998030e-01   2.7650241e+00   1.2058420e+00  -6.4619421e-02   8.7083290e-01  -5.1036110e-01   7.8642416e-01   2.0488468e-01  -3.5143519e-01
   1.0000000e+00  -3.5014267e-01  -3.2718788e-01  -1.7783098e-01   3.9914557e-01   7.8420598e-01   6.8000196e-01   1.7898229e+00  -8.1830822e-02   9.3928920e-01   1.5795801e-01
   2.0000000e+00   1.4518226e+00   6.2737212e-01   8.6727132e-01  -1.1529019e-01   2.2969132e+00  -1.0209103e+00   7.2332323e-01  -7.8475082e-02   1.3616516e+00   7.0459617e-01
   2.0000000e+00  -2.0342985e-01  -1.0873278e+00  -1.7731409e-01   5.8167538e-01   1.8331787e+00  -2.5781065e-01   5.9181896e-01   1.5376776e+00   2.1055848e-01   8.0361137e-01
   2.0000000e+00  -4.3080225e-01   6.8120594e-01  -3.7839474e-01   2.8215286e-01  -1.2161785e-01  -5.3460328e-03  -4.4275131e-01   1.2346042e+00   1.0612426e+00   2.7734323e-01
   1.0000000e+00  -9.8739794e-01  -2.3592996e+00   4.1210910e-01   8.6065471e-01   1.6987398e+00   1.8091799e-01   3.7615075e-01   2.5793445e+00  -7.7250069e-01   3.9130254e-01
   1.0000000e+00   1.0738701e+00  -1.3511349e+00  -4.9386413e-01  -1.0049503e+00  -4.9675294e-01   3.0798958e-01  -1.4649344e+00  -5.1625929e-01   1.1844361e+00   4.4746297e-01
   2.0000000e+00  -1.4677912e+00  -2.4789825e-01   3.5574264e-01   7.1526328e-01   1.4784997e+00   2.0344003e+00   1.7711502e+00  -6.6904095e-02  -1.0639173e+00   1.3022629e-01
   2.0000000e+00   6.8109540e-02  -9.4225834e-01  -2.1516554e-01   1.9112155e+00  -2.6634794e-01   6.8088993e-01   6.8096622e-01   1.5152470e-01  -9.3429083e-01  -1.3132356e+00
   2.0000000e+00  -1.5745348e+00   1.1090638e+00   1.1165688e+00   8.9143946e-01  -4.5177454e-01   1.9751327e+00   1.6151015e+00   8.6212920e-01   4.6887048e-01   7.6890714e-01
   1.0000000e+00  -1.1410482e+00  -1.0279419e+00  -5.4792830e-01   2.4166152e+00  -5.1908528e-01   1.0605783e-01   2.0017999e+00  -7.6939415e-01   1.1142228e+00   7.0662813e-02
   2.0000000e+00   2.9981192e-01   7.7592935e-01  -7.5101562e-01  -8.0854203e-01   9.5690366e-02  -6.2146829e-01   9.5873631e-01   3.0558919e-01   1.0041020e+00   1.0806158e+00
   2.0000000e+00  -2.1743485e-02   9.5364132e-01   6.5668777e-01  -2.1383851e-01   2.7193182e-01  -4.4497934e-01   1.5758462e+00  -5.7342475e-01  -8.2473435e-01   2.4279224e-02
   1.0000000e+00   1.2742839e+00  -4.4969884e-01  -2.0942579e-02  -1.3094781e+00  -1.2144561e+00   3.3794322e-01   1.1925501e+00  -1.4372133e+00  -2.7164517e-01   7.2933522e-01
   2.0000000e+00   5.3340146e-01   3.5202575e-01  -6.9194639e-01   2.5157893e-01  -9.2930877e-01  -9.5083239e-01   8.2631953e-01   4.3275337e-01  -6.6966021e-01   1.1850787e+00
   2.0000000e+00  -5.2724547e-01  -1.7099385e+00   2.3769569e+00   1.2070218e+00   1.3221913e+00  -9.0569760e-01  -2.2945759e+00  -2.9300333e+00  -6.3410460e-01  -1.3369517e-01
   1.0000000e+00   4.5497348e-01  -1.0862609e-01  -5.8671315e-01  -2.5477486e-01  -2.3062876e-02   3.7959200e-01  -1.1369375e+00  -5.2132012e-01   8.8096940e-01  -1.9662404e-01
   2.0000000e+00  -1.9477578e-01   1.1685112e+00  -3.3273838e-01   5.9101032e-01  -1.4458489e+00  -4.9846944e-01   9.2376112e-02   1.9171759e+00   6.7891274e-01   1.7625119e+00
   2.0000000e+00   3.4859555e-01  -5.1583502e-01   6.0552538e-01  -1.3642476e+00  -2.8742981e-01   1.5646993e+00  -4.9159992e-01  -2.8590281e-01  -1.5507242e-01   1.2134116e+00
   2.0000000e+00  -2.2896378e-01  -2.3284449e-01   2.6508026e-01   3.0599397e-01  -3.0135602e-01   1.0406307e+00   5.0257076e-01  -8.5230374e-01   1.0003113e+00  -1.2412632e+00
   2.0000000e+00   1.5642623e-01  -6.6599689e-01   9.0819972e-01  -7.2177800e-01  -3.1201228e-03  -1.7072662e+00   6.3355332e-01   4.2060310e-01   7.5280553e-01  -4.5167857e-01
   2.0000000e+00   4.5560290e-02  -8.6940867e-01   3.5244706e-01  -1.6350554e+00   8.6279059e-01  -8.2080757e-01  -3.8041107e-01  -6.4678164e-02   9.1847210e-01  -9.3021060e-01
   1.0000000e+00   3.8069211e-01   1.8219414e-01  -1.1617102e-02  -1.1978833e+00  -2.5720175e-01   1.7250133e-01  -7.8436964e-01   1.5372382e+00   7.8209240e-01   7.8085154e-02
   1.0000000e+00  -1.0115998e+00   3.1127721e-01  -9.9568500e-01  -5.6485805e-01   1.9125598e+00   6.9729209e-01  -5.5551867e-01  -7.6429822e-01   1.3167135e+00   5.1011311e-01
   2.0000000e+00  -2.7330481e-01   3.4683841e+00   6.3713878e-01   9.2127205e-01   6.0172406e-01  -8.3864953e-02   8.0406717e-01  -4.9454870e-01  -5.6053356e-01   6.3056741e-01
   2.0000000e+00  -1.3839306e+00  -1.4172339e+00   6.5437089e-01  -5.6057673e-01  -1.0144101e+00   2.0073549e-01  -1.5862485e-02  -1.5050096e-01   9.9788547e-02   1.3072168e+00
   1.0000000e+00   2.6299746e-02  -5.0276290e-01  -2.6201741e-01   9.5804108e-01   1.0715431e+00   6.9289097e-01  -6.9712051e-01   3.2791136e-01   8.5342069e-01   1.3601551e-01
   1.0000000e+00  -1.9499379e+00   3.0196536e+00   9.8591801e-01   7.0568581e-01   9.1528122e-01   4.0843550e-01   7.4710135e-01  -1.8463781e+00  -2.4922807e-02   1.0899680e-01
   1.0000000e+00   7.9436569e-01   5.9005141e-01   1.2675573e+00  -8.8312572e-01   3.8015412e-01   2.2021183e-01  -2.1407944e+00   1.1609896e-01  -1.5108958e+00   5.8757642e-01
   2.0000000e+00  -7.7518853e-01  -7.5015230e-01  -6.0457467e-01   6.4464333e-01   1.4494700e+00  -1.4033652e-01   1.2377410e+00   1.1129315e+00  -4.1055461e-02   1.1529711e+00
   2.0000000e+00   1.3804489e+00   6.2346984e-01   9.0561096e-01   1.1634141e+00   8.0344221e-01  -1.6411898e+00   2.3570868e-02   1.2903978e+00   3.6706103e-01  -5.0641091e-02
   2.0000000e+00   1.5341147e-01  -6.8045508e-01   2.8566296e+00  -7.0125486e-01   1.6738059e-01  -2.5825646e-01  -1.2216275e-01  -1.3240543e-01  -1.4208360e+00   5.0626090e-02
   2.0000000e+00   9.4047326e-01   1.5604794e+00   4.2697387e-02   1.1849280e+00  -7.9794116e-01   3.0362155e-01   1.5291169e-02  -3.2970046e-01   3.9063633e-01   1.4620595e+00
   1.0000000e+00   3.9121991e-01  -1.2278627e+00   8.5410099e-01  -3.1224388e-01   1.6550803e-01   1.3259937e-01  -7.8202575e-01  -2.8725148e-01  -1.5432917e+00  -2.9270446e-01
   2.0000000e+00  -3.8250752e-01  -1.1857620e+00  -6.9095387e-01  -1.5977527e+00  -1.4075205e+00  -7.2680659e-01  -1.6969392e-01   6.5544917e-01   1.9825336e-02   3.4106158e-03
   2.0000000e+00   2.1971855e+00  -4.5791213e-01  -2.0010339e-01  -2.5880897e-01  -1.5848768e+00   9.7252715e-01  -1.3847302e+00  -3.1882777e-01  -1.1905874e+00  -4.1030840e-01
   2.0000000e+00   8.3786232e-01  -1.4011334e+00   9.4132052e-01  -1.5548267e-01   8.8951215e-01  -8.8633760e-01  -4.3628199e-02   5.0296440e-01   6.7010422e-01  -4.6335439e-02
   2.0000000e+00   2.7789445e-01   8.7620502e-02   7.1455534e-01   2.0065624e+00   1.4864377e+00  -3.2757964e-01  -1.3413749e+00   2.5151101e-01  -2.2036231e+00  -1.4856984e+00
   2.0000000e+00  -1.2388120e-01  -2.7499730e-01  -1.5859261e+00   1.2643083e-01  -2.3466561e-01  -1.0009494e+00   1.6025305e+00  -1.4318358e+00  -8.4844722e-01  -1.7971639e+00
   2.0000000e+00   1.3238981e+00   4.7920263e-02   1.1271786e+00  -7.1006347e-01  -1.0118724e+00  -1.3065267e+00   9.1334115e-01   6.7519243e-01   1.6967274e-01  -8.4399155e-01
   2.0000000e+00  -3.2968065e-01  -8.4314995e-02   1.1259165e+00  -1.8062381e+00   8.1148594e-02   1.2550664e+00   1.6923139e-01   1.4469702e+00  -3.8099969e+00   8.6856980e-01
   2.0000000e+00   2.0647050e+00  -5.0255657e-01  -1.0780792e+00   1.5363872e+00  -1.5818429e+00   8.3802088e-01   4.6912754e-01   4.0093250e-01   1.9392991e-01   7.3105521e-01
   2.0000000e+00  -2.0470035e-03   4.9117789e-01   8.6461483e-01  -4.6039795e-02   1.7964503e+00  -1.7282431e-01   6.0028495e-01   5.9602266e-01  -1.5798278e+00  -1.1720422e+00
   2.0000000e+00   2.3081006e-01   1.3961355e+00  -5.7197753e-01  -1.9627544e-01   5.9556156e-02  -1.5057441e+00   1.0228177e+00   1.9294796e-01  -1.4689972e+00  -7.9801194e-01
   1.0000000e+00  -8.5409194e-01  -1.0294611e+00  -1.0323961e-01   2.7754817e+00  -1.3021050e-01   5.0185877e-02  -2.0447436e+00   8.8009252e-01  -7.6764148e-01   3.2239723e-01
   2.0000000e+00  -1.3704164e+00  -1.5895686e+00   1.9632831e-01   4.2470763e-01  -2.4272404e+00  -5.0565352e-01  -2.2934725e-01  -2.0018835e+00  -8.4285996e-01   4.6858950e-01
   2.0000000e+00  -5.1879308e-01   1.1376080e+00   1.3489724e+00  -1.5896455e+00   6.3324485e-01  -2.3768249e+00   1.6320779e-01  -1.1568692e+00  -2.2440833e-01   3.0986303e-01
   2.0000000e+00  -8.1858784e-01   1.0112387e+00   7.7125235e-01   7.3513419e-01   1.1747596e+00   6.4817928e-01   3.7442659e-01   1.0000888e+00   7.8042844e-01  -6.7545998e-01
   2.0000000e+00  -7.9279787e-02  -4.3174557e-01  -1.4060437e+00   2.2136457e+00   1.0801525e+00  -9.8078514e-01   1.9640515e-01  -6.5361187e-01   1.5536659e+00   4.3815780e-01
   2.0000000e+00   1.7383947e-01  -7.0267231e-01   2.6404170e-01  -2.4503445e-01   1.3855319e+00  -8.2329589e-01   2.4475495e-01  -7.7569963e-01  -2.6183205e-01  -5.4406229e-03
   2.0000000e+00   8.9715050e-01   8.6561272e-01  -2.2351811e+00  -1.0529895e+00  -2.1776557e+00   1.4641125e+00   9.9020386e-01  -7.0995691e-01  -8.7863323e-01   1.1876136e+00
   2.0000000e+00  -1.0495162e+00   5.8136597e-01  -1.8529913e+00  -6.7616733e-01   1.6010316e+00  -1.4557976e+00  -1.3693180e+00   7.8112480e-01  -3.9517058e-01   6.5383758e-01
   2.0000000e+00  -2.1472222e-01   2.1785361e-01  -8.1798515e-01  -4.3870442e-01  -2.7237334e-01  -1.5215444e+00  -1.0831313e+00  -7.9353702e-01  -3.0137974e-01  -5.1535706e-01
   2.0000000e+00   4.0985782e-01  -8.2555868e-01   5.2081629e-01   1.9183191e+00   8.7673142e-01  -1.2025906e-01  -6.6213336e-01  -1.4313492e+00  -6.6106100e-01  -1.0670753e+00
   2.0000000e+00   1.2389572e+00   5.9394841e-01  -8.9009570e-01  -2.5719431e-01  -1.6573767e+00  -1.2460762e+00   2.8528523e-01  -1.5378379e-01   1.1150087e+00   2.2718531e+00
   1.0000000e+00  -2.4652447e+00  -1.2239692e+00   4.8591586e-01   1.1653653e+00   7.1020908e-01   1.2033427e-01  -5.2526065e-01   2.8201723e-01  -2.0521094e-01   3.7091246e-01
   2.0000000e+00  -1.4412495e+00  -1.7624965e-01  -4.4994935e-01  -4.8552461e-02   1.1510639e+00  -2.6285864e-01  -1.0711011e+00   6.1891880e-01   5.7107627e-01   5.6954170e-01
   2.0000000e+00  -8.1531223e-03  -1.1936659e+00   7.0141934e-01   1.1878487e+00  -5.4863205e-01   3.4009963e-01  -2.4477885e+00   1.1672600e+00  -1.4749973e+00   1.9386107e+00
   2.0000000e+00  -1.0697108e+00  -6.6010818e-01   1.8899438e+00  -2.0601100e+00  -2.4270210e-01   1.2920704e-01  -9.8889023e-01   1.3989467e+00   1.9583085e-01  -1.9248812e+00
   2.0000000e+00   5.0193821e-01   4.6548654e-02  -3.1992701e-01   1.4485496e+00   1.0237455e+00   1.4791252e+00   2.1676066e+00  -1.8895125e+00  -7.8959848e-01   9.6410148e-01
   2.0000000e+00  -1.8812084e-01  -4.2250769e-01   3.9275268e-01  -8.0477026e-01   1.6186951e-01   6.7448481e-01   7.4573592e-01   2.8145386e-01  -5.7166977e-02   6.3895407e-01
   2.0000000e+00  -2.1053534e-01  -8.8246543e-01   1.9996048e+00   1.1453178e-01  -1.0418148e+00   1.5932638e+00   2.3898665e+00   3.7154154e-01  -7.7853212e-01   1.2209058e-01
   1.0000000e+00  -7.6232156e-01  -2.1935456e+00  -7.9401018e-01   3.5946375e-01  -1.4725882e+00   7.0777172e-01  -1.4057218e-01  -2.8570493e-01  -1.5664271e+00  -2.8154914e-01
   2.0000000e+00  -4.3978580e-01  -1.7809742e-01  -1.6548872e+00  -2.0053225e-02  -1.3857872e+00  -6.9630033e-01  -6.7545220e-01   1.0016113e+00  -1.5007712e-01   6.2368224e-02
   2.0000000e+00   8.5379355e-01   1.5164898e+00   4.8646906e-01  -9.3596737e-01   8.5681175e-02   5.2420753e-02  -1.3898844e+00  -4.3857437e-01  -3.4009012e-01  -9.8779791e-01
   1.0000000e+00   7.1927175e-01  -5.7248758e-01   7.3649383e-02  -8.5412958e-01  -5.9720991e-01   4.5580573e-01   4.1039102e-01   1.0930072e+00   3.3840691e-01   5.3249320e-01
   1.0000000e+00  -4.2428928e-01   4.0124437e-01  -8.8021735e-01   9.8226907e-01   1.1179120e-01   1.2856897e-01   1.7922268e-01   1.0413542e-01  -7.6177211e-01  -2.2834435e-01
   2.0000000e+00  -1.6827234e+00   9.3264211e-01  -1.1052531e+00  -4.8065559e-01   1.2225677e+00  -1.2611053e+00   1.2930313e+00   6.4040321e-01   8.6103597e-01   5.2724439e-01
   2.0000000e+00  -3.8081735e-01   8.0347944e-01   3.9288512e-01   1.4301044e+00   6.6462900e-01  -7.6261875e-01  -2.3097966e-01   1.1133759e+00  -2.0749112e+00  -2.0607156e-01
   1.0000000e+00  -3.8389684e-01   9.7381000e-01   3.3281396e-01   1.5285379e+00  -9.6971247e-01   8.7461785e-01  -1.7490261e+00  -7.2418904e-01  -9.1135375e-01   1.0528538e-02
   2.0000000e+00  -2.9868681e-01  -3.1984120e-01   7.5899071e-01  -7.9536189e-02   5.2426597e-01  -5.5790542e-01   9.2613798e-01   2.7489943e+00   1.2040965e+00   3.4828421e+00
   1.0000000e+00  -3.9306840e-01  -1.2975423e+00   1.0887460e-01   5.5652686e-02   3.2009599e-01   2.2950853e-01  -1.0639599e+00  -1.2826497e+00  -5.1422304e-01  -6.6222307e-01
   2.0000000e+00  -6.2066482e-01   8.1607004e-01  -1.2260046e+00  -2.0671583e-01   1.1633871e+00   1.0413411e+00   8.7678490e-01  -1.1238541e+00  -3.3780193e-01   4.7765787e-01
   1.0000000e+00  -8.0743367e-01   6.4862851e-01   1.1211050e+00   2.2458667e+00   1.5897734e+00   8.0627948e-01  -5.7942823e-01   7.4852900e-01  -1.2719722e+00   2.8868664e-01
   2.0000000e+00   1.6991751e+00  -2.2648040e-01  -1.1653081e+00   4.7795824e-01  -5.4840877e-01  -4.0239954e-01   8.8312765e-01   1.4536331e+00   6.7454063e-02   4.5078201e-01
   2.0000000e+00   5.2425672e-01  -3.3479234e-01   1.0552631e-01  -3.5525016e-01   3.5088212e-01  -2.2067108e-01  -3.9615076e-01  -3.9851186e-01  -8.0714578e-01  -1.1628465e+00
